-22.94334997931182 -43.19959866374279
-22.943336809493733 -43.19965558672066
-22.94365968863071 -43.20016867283018
-22.94387912272077 -43.200470765229916
-22.944188709568458 -43.200664021165956
-22.944506602963088 -43.200857169366415
-22.944783459489006 -43.20108674043474
-22.945068125547667 -43.201280328378274
-22.945394834582483 -43.20151831267141
-22.94556178255854 -43.20158787042982
-22.94593731200309 -43.2017354058213
-22.946105074987692 -43.2018767179829
-22.946239914185853 -43.20204537639322
-22.94634202162249 -43.202250351895984
-22.946402304928192 -43.20243793904899
-22.946430302146926 -43.202517818200434
-22.94643563069547 -43.2025738130173
-22.94645519694508 -43.202634885119856
-22.946523866421984 -43.20285346664441
-22.946666913896635 -43.203372262607196
-22.946684327725183 -43.203657923621336
-22.946613055671726 -43.20404684425608
-22.946431572516016 -43.20430451220326
-22.94629647476276 -43.20447985686945
-22.94605742367424 -43.20466164315939
-22.94590272830958 -43.204781178317326
-22.94579494178677 -43.20486421422785
-22.945674019674584 -43.205039370506945
-22.945600743390205 -43.20515558811241
-22.945378605116137 -43.20504472803677
-22.94521218247276 -43.20496560445116
-22.94507083022474 -43.20489161156532
-22.94488433715828 -43.20482630248439
-22.944748901152696 -43.204828089243435
-22.944669184501926 -43.20487789581065
-22.944604824210646 -43.20496006435531
-22.944621987663524 -43.205144123159506
-22.94464423807675 -43.20533884146546
-22.94479187013032 -43.205521177661474
-22.94501594080313 -43.20581083750045
-22.94512388353662 -43.20603699274616
-22.945395915159715 -43.2065752482456
-22.945505049008393 -43.206898895183926
-22.945630183173115 -43.20731993448882
-22.94577490002721 -43.20769186804436
-22.945576560203513 -43.20834474836473
-22.94548231411558 -43.20844349547229
-22.94523657618161 -43.20845765162202
-22.94512045012557 -43.20839414522172
-22.94490190033227 -43.20815316109706
-22.9447851627569 -43.20803544877132
-22.944603450497528 -43.207945795603585
-22.944356791345825 -43.20787854872122
-22.944236588699386 -43.207901774815966
-22.944166895056405 -43.20795154478242
-22.94402096896454 -43.20835986772814
-22.943653914522223 -43.20873853487312
-22.94350824257936 -43.20872962949426
-22.9433818506922 -43.2086446114072
-22.94308582563528 -43.20820418061706
-22.94295554123544 -43.20805437430569
-22.943383135990487 -43.2076630123884
-22.943331775517127 -43.20752913565642
-22.94341332296632 -43.20739350389033
-22.943479472985942 -43.20736572246138
-22.943612279713292 -43.20735500253751
-22.94365340721474 -43.20731857773972
-22.94381832607003 -43.20720875973619
-22.94398456424356 -43.20721554133351
-22.94417561870356 -43.207213024264085
-22.94424166729726 -43.20717627217457
-22.944223939665406 -43.20707782922811
-22.944006137526376 -43.206919135091844
-22.9438724193359 -43.20684913061393
-22.94376453122325 -43.20685952458857
-22.94364843944127 -43.20687899520636
-22.943449584250242 -43.206926468535514
-22.943299555838152 -43.20688359233298
-22.943098369018784 -43.20672477601612
-22.942879669897557 -43.20649442784596
-22.942762663593882 -43.206433176291306
-22.942604024151738 -43.20636350412312
-22.94238764303036 -43.20633047457591
-22.942160607472452 -43.206265701674454
-22.94150408638029 -43.20634475326973
-22.94105493744268 -43.206123100943095
-22.940879076461485 -43.2061037732897
-22.94073267017454 -43.20602984595917
-22.940564749639343 -43.20582613400115
-22.940442340763155 -43.205654389269675
-22.940228782875437 -43.20540789034638
-22.940127182865343 -43.205295441959905
-22.9400002077051 -43.205167050347704
-22.939879054092607 -43.20509825280094
-22.939900446457642 -43.205217215506494
-22.93994356733585 -43.20547668378963
-22.939986535313118 -43.20573079400211
-22.939999192354918 -43.205963657209345
-22.939992599939984 -43.206267170715236
-22.93997555702541 -43.2065328934464
-22.93994306638208 -43.206766254268125
-22.939934697655467 -43.20691271410262
-22.939946189701036 -43.207042631472376
-22.939962369712614 -43.207139920468094
-22.94002409510526 -43.2072799982045
-22.940080638472928 -43.20739303745415
-22.940173071478643 -43.20758146405084
-22.94007361525179 -43.207658629632554
-22.93997655448521 -43.20750819318052
-22.939942716408904 -43.20762242397777
-22.93992564100181 -43.20789360837472
-22.93996026456541 -43.20828862130738
-22.939814715637574 -43.20829053731665
-22.939807057752144 -43.208052245413306
-22.93979857489518 -43.20774893071189
-22.939841272267525 -43.20753162152384
-22.93990471672898 -43.20736824981171
-22.939852128118446 -43.2071576556238
-22.93969625062247 -43.20713260334117
-22.93965061499433 -43.20708981502679
-22.939550278247655 -43.20664955076156
-22.939405683207912 -43.206288458120646
-22.939276898463465 -43.205992093959935
-22.93930583537435 -43.20544443395426
-22.939197096486136 -43.205147902971184
-22.9392103365341 -43.204985193182864
-22.939593012373237 -43.20465497907134
-22.939530582071963 -43.20446079909132
-22.939493435795235 -43.204282471003026
-22.93946520553198 -43.203918381270995
-22.939553358730453 -43.20385618192814
-22.93959163581352 -43.20374345213774
-22.93962493864902 -43.20356624301736
-22.939614721830036 -43.203230191825924
-22.93959261418442 -43.20298448572636
-22.93955550457787 -43.202825562441966
-22.939516012487278 -43.20273521047736
-22.939401846965577 -43.202845042079666
-22.939308157361697 -43.20299263092935
-22.939110630498345 -43.203276919488495
-22.93902594915404 -43.203326885319484
-22.93891052912141 -43.20333377157807
-22.938814904742074 -43.20330256575297
-22.93871339653599 -43.203206307212554
-22.9385033590387 -43.20282443846137
-22.93845523847957 -43.202570400541404
-22.938468169781412 -43.202380591633876
-22.93853179222664 -43.20223340046962
-22.938665448720684 -43.20207456304998
-22.93887042133475 -43.20200136206633
-22.938975739842235 -43.201509442307035
-22.939115952362464 -43.20114020467335
-22.93949837005296 -43.200294394380826
-22.9396153762135 -43.19998942218329
-22.93978668880024 -43.19960787575335
-22.9398540452202 -43.199352308263535
-22.93979975262885 -43.198984568607976
-22.93973238152967 -43.1988012792809
-22.939590229325397 -43.19865681078622
-22.939382210183027 -43.19845364180324
-22.939097905574286 -43.19816490032569
-22.93900182051691 -43.19810113982807
-22.938921769797787 -43.19812930298737
-22.9388023966881 -43.198217562712074
-22.93872863203199 -43.19835396872418
-22.938632317223522 -43.19870741669688
-22.938483681442243 -43.19888283770612
-22.93816531391423 -43.199125438141635
-22.93801479956703 -43.199127429481315
-22.9379333946276 -43.19903636877385
-22.93790148437372 -43.19887425584976
-22.937889431649932 -43.198695601577356
-22.93784753052117 -43.19854444465528
-22.937714846855876 -43.1983511016326
-22.937113023926113 -43.19882511815765
-22.937082219275243 -43.19876049326126
-22.93701613906713 -43.198690875514785
-22.93693127448155 -43.19872456338665
-22.93687681566028 -43.19879567872981
-22.936718186540634 -43.19896576823666
-22.936603347676318 -43.19901603919584
-22.936418140827346 -43.19905641593135
-22.9363482333105 -43.19909526689778
-22.936277681486953 -43.19906909547332
-22.936221837883707 -43.19901026336279
-22.936230476140995 -43.19888817747775
-22.936191909430335 -43.19858527047807
-22.93610893459037 -43.19834798345393
-22.93601630736388 -43.198143291501836
-22.936009098058932 -43.19795375128245
-22.93606778390639 -43.19781754722254
-22.936147005124774 -43.1977243619968
-22.93642037756301 -43.197487818113366
-22.936519213111914 -43.19735644533264
-22.936597142122224 -43.19714949348711
-22.936604608583945 -43.19691647067446
-22.936526659736558 -43.196684477972
-22.936231814241882 -43.19591355863186
-22.93616039799389 -43.19581154614979
-22.936034552870677 -43.19577528709851
-22.935954778707796 -43.195819731214655
-22.93581545729447 -43.195924534458726
-22.935715300512655 -43.195947509588684
-22.935624825102487 -43.195932426148076
-22.935393180787926 -43.19585964211841
-22.93510781813666 -43.19592299418964
-22.935036710053506 -43.19584808416093
-22.934975686372418 -43.195778500146425
-22.93457842614754 -43.19526907363614
-22.93444644493113 -43.195129936956796
-22.93405636679298 -43.194815414287596
-22.933764685409276 -43.19431541609592
-22.93363905857115 -43.1943061625763
-22.93358012927359 -43.194412631917466
-22.933612259059498 -43.19459374450085
-22.933659314025192 -43.19476110920684
-22.933753023102746 -43.19505245663563
-22.93388506527761 -43.195196950221565
-22.93412312183487 -43.19538888803379
-22.93419539950531 -43.19556664286616
-22.934264005327435 -43.19585832410111
-22.9343381919314 -43.19620413918817
-22.93448981497836 -43.19629962902522
-22.934611248393885 -43.19638479331565
-22.934707825888605 -43.196491834241826
-22.93485981761587 -43.19661988193227
-22.935011687241754 -43.1967370142175
-22.93520308574663 -43.196796780257884
-22.93520382455195 -43.19686180077388
-22.934884142819786 -43.19699609959699
-22.93477433156703 -43.1970517618882
-22.934685270698033 -43.19716126051293
-22.93465738873123 -43.197353994317524
-22.93467971533553 -43.19843738793132
-22.93481405900817 -43.198776952182236
-22.93483542479337 -43.19889317869842
-22.934827247803128 -43.19905581427015
-22.93481003338801 -43.19930524725819
-22.934722231431834 -43.19953397320047
-22.934444753362918 -43.19896328168715
-22.933442242518858 -43.197296959507035
-22.932875769931726 -43.19602579219002
-22.932365649382152 -43.19529567332886
-22.931779727320418 -43.194967468815896
-22.93002238924475 -43.194004704461534
-22.92974848655794 -43.19384493756901
-22.929404997579947 -43.19359357167933
-22.92908362793476 -43.19336540941881
-22.92892409733504 -43.19326554744644
-22.92872420606503 -43.19323739150209
-22.928495165231364 -43.19316341049286
-22.928071032821276 -43.19223758894635
-22.9275182447908 -43.19127506997244
-22.927341880585992 -43.19081549286939
-22.927237194879442 -43.19039347392001
-22.92708936133213 -43.189933617495754
-22.92697321829401 -43.189750413279384
-22.92680962294133 -43.189167539097625
-22.926613808911235 -43.188246405090844
-22.926588941807857 -43.18739699807513
-22.92635571110391 -43.186126178050905
-22.928455486103744 -43.183618281541385
-22.928534344155537 -43.18343082300541
-22.928616146455457 -43.18342963447161
-22.92926558302727 -43.181991909453735
-22.929354345541988 -43.181825766533485
-22.929512363118445 -43.181485645942075
-22.929512363118445 -43.181485645942075
-22.93111569858265 -43.180847187696635
-22.93105341723299 -43.18070782356158
-22.930738724125458 -43.17969301332766
-22.931281911755146 -43.17948939703135
-22.931549699535914 -43.17942975900429
-22.932239200782252 -43.17914940468355
-22.932567251476105 -43.17906087851307
-22.932760375756352 -43.17904220677233
-22.93264216257631 -43.17783805913694
-22.932501244033006 -43.17737791008624
-22.93147944127467 -43.177470463461674
-22.930686727956964 -43.17751490543236
-22.930332496726834 -43.17756468755161
-22.930039803765464 -43.17752356389106
-22.929683543451628 -43.17740441456313
-22.928866478824734 -43.177144907325854
-22.928342753752617 -43.17698286447334
-22.927881562749118 -43.17680877689532
-22.92749354261747 -43.17664491810728
-22.927357578797213 -43.17662422078701
-22.92692827485187 -43.1765060549265
-22.92667777126483 -43.176498098699135
-22.926030628211983 -43.17649555285724
-22.925633688305417 -43.176467036952495
-22.92558783427732 -43.176107132557924
-22.92551481462576 -43.17520661282333
-22.925455115284823 -43.17455393384768
-22.92531161001413 -43.17296715399776
-22.92477730542846 -43.172788408577816
-22.924484608927248 -43.172747196581355
-22.924667397575593 -43.168908229874894
-22.924667397575593 -43.168908229874894
-22.924701908487144 -43.16890961651347
-22.92474297413528 -43.16893109807003
-22.924783261009 -43.16895561120054
-22.9248230514093 -43.16898403092484
-22.92486358094736 -43.16901400025504
-22.92490072899536 -43.16904820728088
-22.92494159469072 -43.169075930015055
-22.92498738505782 -43.16909208181396
-22.925037873602378 -43.169116360564345
-22.925080899122527 -43.169135671104726
-22.92513106155542 -43.16915517647589
-22.925180885365247 -43.16917654043987
-22.925227284632165 -43.169198534455354
-22.92527305364384 -43.16922082833517
-22.925314373665774 -43.16924094178339
-22.92536923452507 -43.169268572000355
-22.925412553858664 -43.169289732087115
-22.92545662524218 -43.16931351135279
-22.92550639318143 -43.169337799943705
-22.925550363421024 -43.16936080254774
-22.925593406893043 -43.1693816718972
-22.925639815130666 -43.169404445843504
-22.925682500815807 -43.16942561265494
-22.92574207554642 -43.16945474044042
-22.925784031043417 -43.16947523450554
-22.92582579508294 -43.1694945622046
-22.925876903375364 -43.169517759728215
-22.925919662331665 -43.16953746310693
-22.925962983027176 -43.1695587187985
-22.926008748381488 -43.16958062392674
-22.92605386583321 -43.16960117321761
-22.9260966090869 -43.16961941527383
-22.926140982875793 -43.169638123037615
-22.92618909684303 -43.16966009242923
-22.926234571247438 -43.16968024794514
-22.926283313737656 -43.16970191816112
-22.926331763542436 -43.16972183779959
-22.926384349652942 -43.169739751733154
-22.926412059885006 -43.169762386289285
-22.926458933192144 -43.1697942219945
-22.92650872605495 -43.16982075272119
-22.92656776821219 -43.169842867693326
-22.926622910123076 -43.169863477418914
-22.926674793776463 -43.16988345022067
-22.926738670868414 -43.169909792071095
-22.926795388285772 -43.16993389004883
-22.926847900179286 -43.16996135957334
-22.926902202363244 -43.16998753658173
-22.926955335732995 -43.1700140206973
-22.92700476655504 -43.17004055739043
-22.927058177110865 -43.17006772447182
-22.927109248585552 -43.17009550483165
-22.927162663355748 -43.17012296296717
-22.927213594638648 -43.17014655420335
-22.927261909705308 -43.170178077274244
-22.927310327817544 -43.170210768882235
-22.92736431375858 -43.17024084998529
-22.92741561128702 -43.1702647286946
-22.927468427083593 -43.17029482649694
-22.927520474985272 -43.17032912756679
-22.92758168344218 -43.17035131331103
-22.927636185499793 -43.17034775397101
-22.927690350310705 -43.17036194238082
-22.927748979018595 -43.170371683844934
-22.927802890537436 -43.170395235223026
-22.927847094724704 -43.17043032251229
-22.927904332951297 -43.170452854003
-22.927959200661885 -43.17044967974156
-22.92800431860092 -43.170486023924504
-22.928054867939036 -43.170507669772896
-22.928120675954016 -43.170513512513196
-22.928177389666367 -43.17053732055042
-22.928233618892712 -43.170550408148124
-22.92829494502162 -43.17055913761885
-22.92835262953944 -43.170565384020556
-22.928411455667987 -43.1705686875074
-22.928465618465793 -43.170582777818574
-22.928519248004484 -43.17060535824738
-22.928580099836342 -43.17061994648703
-22.928639655860906 -43.17063172095861
-22.92870342302884 -43.17064860894463
-22.92875831268215 -43.170670781598005
-22.92881287457796 -43.1706959826624
-22.928868649150296 -43.17071658420164
-22.928926195205353 -43.170710741552874
-22.928981107845804 -43.17071146551634
-22.929037337072828 -43.1707245541751
-22.92909240026867 -43.170738341737106
-22.929145344821702 -43.17075634918787
-22.929199448069465 -43.170765273453014
-22.92926549574333 -43.170768091912436
-22.92932502106402 -43.170777528935176
-22.929381555273967 -43.17078573888805
-22.92943837481246 -43.17079521258114
-22.929497955822175 -43.170809231213546
-22.929562016719792 -43.17082026487989
-22.929620943947942 -43.17083234151106
-22.929674554363384 -43.17085326491109
-22.929729089821286 -43.17087612358542
-22.929783962678112 -43.17089674054234
-22.929836623239865 -43.17091377700663
-22.929893033580694 -43.170934759570855
-22.929947106221853 -43.1709488522857
-22.93000391538367 -43.17095735096013
-22.9300581239674 -43.17097534161322
-22.930114940137173 -43.170984523756054
-22.93017174169717 -43.17096894175115
-22.930226094359224 -43.17097591384804
-22.93028476796231 -43.1709895538927
-22.93034281840412 -43.17100398414048
-22.93039938094468 -43.17101472867911
-22.93045684080003 -43.17103267572557
-22.930511607109786 -43.17104422342421
-22.930569070045728 -43.17105466419181
-22.930635485188507 -43.171066251366774
-22.930694796036303 -43.17108027383192
-22.930754159100836 -43.17109887798839
-22.93081512319494 -43.17110761358284
-22.930875515577704 -43.17111352937231
-22.930933154005142 -43.17111577768294
-22.930994093128167 -43.17112227109981
-22.931056088437085 -43.171134306734906
-22.931111738849783 -43.1711441872554
-22.93117851687764 -43.17115576962669
-22.931236706887926 -43.17115879018629
-22.931290768567415 -43.17116410872671
-22.931346336140468 -43.17117457441362
-22.931404938975952 -43.171182074188586
-22.93146753863599 -43.17119176281958
-22.93152888670066 -43.17120224822573
-22.931585054088558 -43.17121007336816
-22.93163967383852 -43.171216652025294
-22.931696132772334 -43.17121833092879
-22.93175457440996 -43.17121969087303
-22.93181168768023 -43.17122331026187
-22.93187169471349 -43.17122728232491
-22.931926012543222 -43.17123123252772
-22.93198205386072 -43.17122804166384
-22.93203956985798 -43.171219665463965
-22.932096182693567 -43.171211202798965
-22.93214997929994 -43.17122471452385
-22.93220531683792 -43.17123879053237
-22.93226413759046 -43.17124170437022
-22.932325407806005 -43.171245659785185
-22.9323797455939 -43.17125126699173
-22.93243782578654 -43.17126043142079
-22.93249320828529 -43.17125491137143
-22.932550987982665 -43.1712458470969
-22.932606845094572 -43.17125016848535
-22.932662516797564 -43.1712462989958
-22.932723416616927 -43.17124148291038
-22.932785138433726 -43.17123753401843
-22.932847522755647 -43.17123620938557
-22.93290512747474 -43.171235533298756
-22.93296788137319 -43.17123488444996
-22.933044444312806 -43.171233662004276
-22.933098978717876 -43.17123273450606
-22.933159919738795 -43.17123172001537
-22.933218327668392 -43.17123015550676
-22.933273229078242 -43.17122990632292
-22.933335406403547 -43.17123414093924
-22.933394563613213 -43.17123480674129
-22.933450257532762 -43.17123289087841
-22.933508384072336 -43.17122255548307
-22.933565023273644 -43.17122423099609
-22.933622663685963 -43.17122657756164
-22.933682884701366 -43.171217773951355
-22.933743407059048 -43.17121159884025
-22.933804582625942 -43.17120726628635
-22.933862287052545 -43.17119167170578
-22.93393027294721 -43.171182765623435
-22.933984819688938 -43.17118290927573
-22.934039730296373 -43.171183634265866
-22.934098833868994 -43.17117972137141
-22.934153054767616 -43.17117528627363
-22.934211443866243 -43.171172063414936
-22.93427057322074 -43.17117048820744
-22.934330230625907 -43.171167542820704
-22.934391978274505 -43.17116583696463
-22.93445022809261 -43.17116622537014
-22.93450566334352 -43.17116528475528
-22.934566606628415 -43.171164367486774
-22.934626827955395 -43.171163365380764
-22.934682842840164 -43.171157933045635
-22.934744594970226 -43.171148717808336
-22.934805730080775 -43.17114087580873
-22.93486446575809 -43.17113638374401
-22.934924408729994 -43.1711347984979
-22.934980475855713 -43.17113384936376
-22.935034954809577 -43.171128437625185
-22.93509130561546 -43.17112066079897
-22.935149985672208 -43.17111129271555
-22.93520610249578 -43.171091137005504
-22.93525646048686 -43.17106491802442
-22.935304496473552 -43.17104096969587
-22.93533300752208 -43.17099963678458
-22.935350181144727 -43.17094627196082
-22.935372944547193 -43.170891951578945
-22.93539820540021 -43.17084286248777
-22.935430539667617 -43.17078061460345
-22.93546282158421 -43.17071397797667
-22.935487177785557 -43.17065700757656
-22.935508402419597 -43.170610215866965
-22.93553426862425 -43.170550979730145
-22.93555750053327 -43.170490413071924
-22.93557149798684 -43.17043562629826
-22.93558196492681 -43.17036441002373
-22.935586337745573 -43.17030507270369
-22.935596610299235 -43.17023269155216
-22.935615086629937 -43.17016692293259
-22.93562359606488 -43.17010616502521
-22.935646057147736 -43.17004141637956
-22.935660343400972 -43.16998028908311
-22.935672371881466 -43.169911391690476
-22.93567503592581 -43.16985266228517
-22.93567329269445 -43.16978765369202
-22.935670394734768 -43.16972412512003
-22.935674306568263 -43.16965640915548
-22.93567931725012 -43.169597354924974
-22.93568215211964 -43.16953803823486
-22.935688537318278 -43.16947311628144
-22.935701625214467 -43.16941005445664
-22.93571475680617 -43.16935030664228
-22.9357290721942 -43.169292104108756
-22.93575364570884 -43.16923044650273
-22.93577740042664 -43.16917601690178
-22.935806819810455 -43.16911955989426
-22.935844737851454 -43.16906396166362
-22.935886073626488 -43.16902284881408
-22.935929324956497 -43.168983462950784
-22.935962200424875 -43.16903079469976
-22.935939063929116 -43.16908385205106
-22.935904490331005 -43.16913979345612
-22.935874416245845 -43.16919430623135
-22.935849777037305 -43.16925011772517
-22.9358320818926 -43.169305440833135
-22.93581866481349 -43.16936353492466
-22.93580552434826 -43.16942211293098
-22.935793912994136 -43.16948018178511
-22.93578895330245 -43.169543427004065
-22.935784983555337 -43.16960636813217
-22.935785405195638 -43.169666322786846
-22.93578738908861 -43.16972879200412
-22.935790120555115 -43.16984819016642
-22.93585929860351 -43.16985652227138
-22.935868693679033 -43.169794192369984
-22.93587521858591 -43.1697335577331
-22.935884120235357 -43.16967542763858
-22.935891629135284 -43.1696139997789
-22.935906527361475 -43.16954321197912
-22.93592046020683 -43.16947526349177
-22.935942670704705 -43.169419877774516
-22.93597303536881 -43.16935941077524
-22.936011299587918 -43.16931034226525
-22.936053880861785 -43.16926764928402
-22.936101282807044 -43.1692278198139
-22.936144206512065 -43.169191265636535
-22.936185874203353 -43.16914761113019
-22.936225500752705 -43.16910720070453
-22.936268760103395 -43.169068107926556
-22.93631194853575 -43.169031259625044
-22.936357352309695 -43.168998277682604
-22.936396767190317 -43.16896284225744
-22.936397831625115 -43.16892987450354
-22.936397210872133 -43.16890745734485
-22.93640145960282 -43.16888429422593
-22.936413361725588 -43.1688671694467
-22.936448343635593 -43.168870110228234
-22.936465531547956 -43.16889620447042
-22.93648051555695 -43.168911311223795
-22.936525346335976 -43.168875705233106
-22.936564888891528 -43.16883568574699
-22.936609987309975 -43.16879978564096
-22.93665838898204 -43.16876842240264
-22.93671143574168 -43.168740506904875
-22.936759046575936 -43.16871110422703
-22.936801934745635 -43.16867133288741
-22.936855243750227 -43.16864273114577
-22.93691695061299 -43.168614114988024
-22.936965773003912 -43.16858791165288
-22.93702108147228 -43.16856815702518
-22.937079305608005 -43.1685506029676
-22.93712841536826 -43.1685256642826
-22.937186162682586 -43.16851396746278
-22.937245285212057 -43.168511710285145
-22.93730124804696 -43.16852519213937
-22.93735537619858 -43.16853596872119
-22.937418307081373 -43.16853531606911
-22.937474734703855 -43.16853436279021
-22.937530791601787 -43.168532535290325
-22.937589229070607 -43.16852570408894
-22.937642069921694 -43.16851114919652
-22.937698054143752 -43.16852648405186
-22.937755769864555 -43.16853535912044
-22.93781197287567 -43.1685227070818
-22.937868724109595 -43.16852633266987
-22.93792811819432 -43.168524069314024
-22.937979321839393 -43.168500760534286
-22.9380336629768 -43.16850675665216
-22.938090121842823 -43.168508435555566
-22.938143491902554 -43.16853199463241
-22.93819893396342 -43.168555136161835
-22.93825536104251 -43.16855398599757
-22.938308000175876 -43.168569072650634
-22.938359567838734 -43.168592949624795
-22.938414401489137 -43.16859464917696
-22.938468915879003 -43.168584360727834
-22.938527108080745 -43.16858757539163
-22.938580139900967 -43.16860528913229
-22.93863490870479 -43.16862492982121
-22.938691887767 -43.1686481450018
-22.938748036347423 -43.168654411709696
-22.93880027864176 -43.16868188517151
-22.93884901038196 -43.168718183995715
-22.938912243995045 -43.16875916054921
-22.938960291212094 -43.16879098270364
-22.939011004314832 -43.16881906182943
-22.939065941996066 -43.16884552538696
-22.939121457177023 -43.16887490588599
-22.93917311929523 -43.16890697090294
-22.939218366784456 -43.168954428984605
-22.93926700658094 -43.1689907279996
-22.93931328007565 -43.16902520558748
-22.93934708711452 -43.169075157659385
-22.939382143320767 -43.16912372950908
-22.939431859535386 -43.16915933086472
-22.939486636423684 -43.16919525417492
-22.939531626104873 -43.169228189147375
-22.93958044886893 -43.16925678349977
-22.939636899447816 -43.169289075139524
-22.939687709682985 -43.16931774014595
-22.939741309977933 -43.16934568436182
-22.939792750071906 -43.16937424172087
-22.93984428743793 -43.16940319060263
-22.93989361656833 -43.16943655408342
-22.939944389456688 -43.16946989879374
-22.93999079532911 -43.169500278958104
-22.94003784488103 -43.169531724086006
-22.94008550449552 -43.169569110295726
-22.94012907758199 -43.16960450007121
-22.940175570129988 -43.16965028616494
-22.940223242071383 -43.16968874308048
-22.940273540655337 -43.16972794439537
-22.94032659236929 -43.1697708140654
-22.940373942948302 -43.169804886746924
-22.940419512502228 -43.16984113029635
-22.94046882225163 -43.16988063674105
-22.940515775216642 -43.16991939676721
-22.940568761724826 -43.16996450889618
-22.940619717262063 -43.17000555518902
-22.940664002086685 -43.17004035159532
-22.9407079585041 -43.17007759199925
-22.940756241161406 -43.17011418831543
-22.94080225772636 -43.17015003417771
-22.94084506521459 -43.170189532788065
-22.94089036732144 -43.17022607065753
-22.94093596063951 -43.17026445731913
-22.940984696586263 -43.170301148131124
-22.94103361948381 -43.170338515065914
-22.941084288693517 -43.17037839452672
-22.94112724746864 -43.1704153549646
-22.941172183015976 -43.1704515082145
-22.941215359452546 -43.17049168348305
-22.941259185177408 -43.170533411011746
-22.941300389634574 -43.17057468613803
-22.941343204010703 -43.17061486541328
-22.941387452661942 -43.1706539530707
-22.941431046934294 -43.17069119873034
-22.94147051962157 -43.17073132627409
-22.94151164957364 -43.170774063336516
-22.94155348775418 -43.17081572041255
-22.941595958656194 -43.17085736776192
-22.941633036967552 -43.17090113531121
-22.94168241777937 -43.170931184918395
-22.941733348741177 -43.170954677799685
-22.941784401981003 -43.170988802865345
-22.941827234293015 -43.171030445791864
-22.94186431391058 -43.17107450579394
-22.94189756353905 -43.17112300504354
-22.94193668820553 -43.17116421020401
-22.941969867294446 -43.171214564083975
-22.94199737234187 -43.17126616207744
-22.942028479690357 -43.17131683432295
-22.942067624796053 -43.1713598920043
-22.942108445396798 -43.17139931945492
-22.942148916623548 -43.17143982492928
-22.942184286157353 -43.171484298446224
-22.94221788609662 -43.17153201225007
-22.94225587947134 -43.17157693885348
-22.942294603287777 -43.17162253709367
-22.94233475993885 -43.17166704373831
-22.942372478063348 -43.17171158410576
-22.942412486360958 -43.17175901693597
-22.942451228686462 -43.17180617538533
-22.942490301245677 -43.17185069669852
-22.942522120885105 -43.17190057967509
-22.94256494734535 -43.17194183380421
-22.942602386548554 -43.17198559711227
-22.942635346324018 -43.17203263742417
-22.942670294475768 -43.17207965167516
-22.942703878285972 -43.17212590456572
-22.94273713462982 -43.172175087586105
-22.942770355550714 -43.17222904796575
-22.942803589650808 -43.17227637800048
-22.94284336954875 -43.172319525024456
-22.942890130771858 -43.172349512920825
-22.942932226692513 -43.17238999646502
-22.942972084351915 -43.17243196936186
-22.943010493403396 -43.17247396797725
-22.943048560118044 -43.172517430483154
-22.943085274013217 -43.17256110649826
-22.943116035818715 -43.17261324741931
-22.943151409293076 -43.17265801386
-22.94318565877148 -43.172707280562065
-22.943223232526226 -43.1727627428565
-22.94325755893519 -43.172810838540144
-22.943295273139157 -43.1728549886317
-22.943336023736713 -43.17289627054083
-22.943372281705084 -43.1729473628113
-22.943402196125646 -43.17299649192666
-22.943430973700604 -43.17304885596523
-22.943460426041796 -43.17310501250709
-22.943491255655214 -43.17315520178568
-22.943525088214873 -43.1732073975667
-22.943558312183587 -43.1732616508322
-22.943589087005773 -43.17331486555497
-22.94362151836535 -43.17337868703922
-22.94365000796316 -43.173429591468185
-22.943679832948042 -43.17347882059078
-22.94371437425112 -43.17352983666021
-22.943749634533713 -43.17358055480737
-22.9437856204582 -43.17363155372484
-22.94382461809646 -43.1736775397191
-22.94385650382595 -43.17372527765736
-22.94388899149733 -43.173786172255745
-22.94392344341292 -43.17384489481812
-22.943964865688155 -43.17388987209782
-22.94400693508777 -43.17393591529059
-22.944048374209203 -43.17398225776482
-22.944085395859624 -43.174028953771355
-22.944123766588877 -43.174075339033394
-22.94415729786837 -43.17412490782243
-22.944182015299756 -43.17417761829915
-22.944202620082947 -43.174233893182134
-22.944213997865436 -43.174296631353265
-22.94422772424387 -43.17435943381475
-22.944235801087014 -43.174417828773024
-22.94424445665498 -43.17447943282706
-22.944258944950025 -43.174537838204465
-22.94426487383894 -43.174597917856595
-22.944268759835857 -43.17466094879114
-22.944270008521535 -43.174722460034914
-22.94427223086144 -43.17478220002906
-22.944271762842202 -43.17484324382001
-22.944274303153406 -43.174907367391874
-22.944277828474394 -43.17497040536866
-22.94427979122382 -43.175031124833865
-22.944280249437455 -43.17509449537231
-22.944274301701494 -43.175158440431815
-22.944266334799472 -43.175219487131486
-22.94426179971903 -43.175280486870136
-22.944246773661057 -43.175340264408696
-22.94424253081462 -43.17540321029922
-22.94424649408515 -43.17546507330205
-22.94424388031589 -43.1755283886135
-22.94423128568518 -43.17558744865536
-22.94422030783902 -43.17564580682359
-22.944200552690607 -43.175702623059735
-22.944174712146996 -43.17575640260584
-22.94415801447192 -43.17581210636996
-22.944144418014865 -43.17587050022012
-22.94412936701987 -43.17592812884566
-22.944111332765992 -43.17598531289246
-22.944083495671386 -43.176038241736315
-22.944055995576278 -43.17608911643204
-22.94402604481409 -43.17614646014699
-22.94400463112902 -43.176200666642195
-22.943977867376248 -43.17625260597942
-22.94394008915246 -43.17631278463706
-22.943907166337876 -43.17636314781183
-22.943872311957374 -43.17641051313795
-22.943661622115396 -43.17675518435349
-22.942407458003366 -43.17660291895088
-22.94109140995955 -43.17651914967231
-22.940948948923054 -43.17683657267171
-22.940757791792336 -43.17745895204299
-22.940791580166064 -43.17767261220044
-22.94083614190835 -43.177919962104156
-22.940895831288433 -43.178572718127505
-22.940057911667616 -43.17831346280896
-22.939570300709512 -43.1803934424112
-22.938899353531898 -43.18137868240011
